1985250
3521421
4668765
4823656
5425703
6040109
6397781
6549093
1116671
2922609
34840984
584890
3137656
1467194488
1467847509
1467965102
1751470383
1759717049
1759748951
1759778388
1762481324
1762999481
1763069354
1763270705
1763359641
1763428172
<<<<<<< HEAD
14365586
=======
1346625
>>>>>>> 947b2960a4e6cd8a7853a75399c855057b383633
530403461
1040087510
1040449885
1040468168
1040488620
1040539398
1040813164
1042144211
1045389063
19597859
3240546
3287703
3331093
3371046
3480046
3589140
3739921
170414540
1063205687